2 0 1 7
11 19 8 15
20 14 11 14
19 4 0 1
15 11 20 18
7 15 16 21
19 5 0 2
4 0 4 9
8 19 14 17
5 12 5 0
4 10 2 0
12 6 22 17
4 0 2 13
17 11 22 15
0 2 14 2
9 15 11 20
19 8 17 18
10 6 9 18
2 0 2 9
17 17 9 17
6 15 9 15
11 9 16 18
8 18 12 16
11 15 15 12
14 19 17 12
11 10 18 22
0 4 6 2
2 11 3 0
8 20 14 22
8 19 17 7
17 21 20 15
3 0 0 4
4 0 4 15
10 20 21 6
6 9 10 22
16 20 8 11
9 16 21 6
9 21 17 9
16 19 21 16
15 19 6 8
14 10 11 10
19 7 20 18
18 13 16 17
0 2 18 2
21 18 16 12
14 10 17 15
2 0 4 11
20 8 8 10
14 21 15 6
9 12 16 13
18 7 19 13
21 6 19 20
10 18 20 16
20 17 7 8
1 7 4 0
22 12 6 17
4 0 2 6
21 6 13 9
15 4 0 3
15 4 0 4
17 13 20 21
17 12 16 19
17 15 7 16
16 12 15 15
15 12 8 21
16 19 7 13
11 11 14 20
14 12 17 7
6 19 17 7
21 22 22 15
22 20 14 11
19 9 10 13
16 9 11 16
19 20 15 15
8 19 15 8
6 22 19 12
4 0 3 9
0 4 20 5
20 19 7 20
3 0 2 10
11 9 10 15
12 17 12 8
22 10 11 10
17 19 15 16
16 14 9 13
10 11 16 14
16 6 20 12
11 19 19 15
17 21 9 6
0 2 14 1
0 4 17 3
19 10 20 7
21 2 0 4
14 7 13 12
8 13 6 13
0 2 2 0
16 17 21 11
18 10 10 6
11 21 8 12
8 18 6 22
4 12 1 0
22 14 20 16
13 10 6 21
15 9 16 10
7 18 15 11
15 9 20 16
5 0 2 14
7 20 18 22
11 8 18 18
11 17 21 13
6 19 21 6
9 3 0 1
18 2 0 2
10 15 10 14
19 1 0 4
4 15 2 0
16 16 19 10
11 17 9 11
5 18 4 0
20 20 19 16
11 1 0 5
9 14 8 15
6 8 15 6
12 21 21 19
9 11 15 22
17 11 12 15
1 0 4 10
18 16 19 19
1 0 3 21
20 20 14 17
16 17 20 22
18 11 22 16
0 5 12 5
7 6 15 22
15 19 7 12
20 14 10 10
16 10 11 8
15 20 8 10
9 13 12 12
22 11 13 13
17 18 13 21
7 11 11 15
8 2 0 1
22 9 22 12
20 10 13 11
10 18 9 6
19 21 9 16
15 17 13 13
11 21 13 11
18 10 17 9
13 9 19 14
22 13 7 22
7 21 11 20
18 22 18 9
17 15 13 9
19 7 21 14
8 15 10 19
19 19 7 12
20 17 13 16
21 7 19 6
18 3 0 5
0 3 10 4
6 13 13 19
9 19 10 20
13 10 20 9
13 14 10 7
18 10 10 19
15 10 7 21
0 5 19 5
16 9 15 16
3 0 4 22
4 6 4 0
3 6 4 0
19 8 6 13
12 16 18 22
22 2 0 2
22 10 17 13
2 0 3 15
18 11 21 18
6 18 18 8
16 19 6 15
12 20 20 6
16 6 9 12
12 13 19 20
10 19 12 10
6 19 21 8
8 18 6 10
21 14 14 11
8 17 20 22
6 2 0 3
9 14 15 19
15 13 12 21
20 13 9 9
10 18 22 13
7 18 13 14
22 22 11 18
7 8 10 15
6 12 7 22
16 20 9 21
21 15 10 7
3 20 2 0
0 4 17 3
0 0 4 3
14 18 11 12
2 0 1 8
0 1 8 4
11 6 8 13
19 17 14 14
7 18 20 22
14 12 10 16
13 15 9 18
0 2 17 4
20 19 18 21
15 9 20 15
4 0 2 10
22 20 19 15
10 21 18 11
4 0 4 11
14 14 17 16
18 16 15 12
13 8 6 16
13 22 20 7
10 12 14 11
17 20 13 8
16 15 21 16
13 13 6 18
0 2 22 2
12 10 18 16
18 18 10 15
6 13 8 19
19 15 18 14
7 13 19 17
20 10 21 17
15 18 21 15
13 18 9 15
13 6 21 10
13 10 20 7
3 0 2 8
10 11 21 19
21 15 16 22
18 21 12 14
17 12 10 19
20 9 17 20
0 0 2 1
16 21 12 12
20 10 18 12
4 0 3 21
15 16 21 12
20 21 16 22
19 19 18 16
10 4 0 3
22 10 16 7
17 6 20 16
10 16 21 16
12 9 13 17
13 7 13 19
